845,643,992,638,991,753,849,737,Bangla,তারা
841,759,993,764,990,795,835,789,Bangla,গোপাললাল
1012,609,1214,645,1197,753,1010,749,Bangla,চিকেন
1228,634,1431,632,1430,760,1227,754,Bangla,সেন্টার
754,759,828,763,824,790,752,788,Bangla,১৬৯,
749,631,829,633,826,744,755,742,Bangla,মা
1002,754,1080,763,1085,805,998,800,Bangla,ঠাকুর
1087,769,1161,771,1160,800,1087,796,Bangla,রোড,
1172,772,1310,772,1310,802,1169,798,Bangla,কোলকাতা
1319,774,1445,780,1432,806,1321,802,Bangla,৭০০১০৮
1087,541,1166,541,1162,589,1088,585,Latin,ph:
1180,547,1435,552,1437,590,1178,583,Latin,9163055939
